33

0 351.219512 -8155.893536
1 312.195122 -304.182510
2 2048.780488 -361.216730
3 2078.048780 -3441.064639
4 3482.926829 -3384.030418
5 3385.365854 -399.239544
6 4614.634146 -418.250951
7 4721.951220 -5133.079848
8 5804.878049 -4923.954373
9 5678.048780 -513.307985
10 9658.536585 -475.285171
11 9619.512195 -3365.019011
12 7073.170732 -3155.893536
13 7170.731707 -5152.091255
14 9570.731707 -5171.102662
15 9492.682927 -8003.802281
16 8136.585366 -7813.688213
17 8068.292683 -6311.787072
18 7024.390244 -6083.650190
19 6975.609756 -6996.197719
20 7151.219512 -7566.539924
21 7746.341463 -7661.596958
22 7756.097561 -8422.053232
23 7307.317073 -8631.178707
24 5512.195122 -8517.110266
25 5346.341463 -6787.072243
26 4468.292683 -6768.060837
27 4185.365854 -8536.121673
28 3453.658537 -8403.041825
29 3414.634146 -5304.182510
30 2429.268293 -5228.136882
31 1229.268293 -4752.851711
32 1092.682927 -8136.882129
