00000000000000000000000001
00000000000000000000000001
00000000000000000000000001
00000000000000000000000001
00000000000000000000000001
00000110000000000000000001
00000111111111111100000001
00000111111111111100000001
00000111000000000000000001
00000111000000000000000001
00000111000000000000000001
00000111000001111111111111
00000111000001111111111111
00000111000001100000000001
00000111000001100000000001
00000111000001100000000001
00000111000001100011100001
00000111000001100011100001
00000111000000000011100001
00000111000000000011100001
11111111111111111111111111
