10000000000000000000000001
11000000000000000000000001
11100000000000000000000001
11110000000000000000000001
11111000000000000000000001
11111100000000000000000001
11111110000000000000000001
11111111000000000000000001
11111111100000000000000001
11111111110000000000000001
11111111110000000000000001
11111111100000000000000001
11111111000000000000000001
11111110000000000000000001
11111100000000000000000001
11111000000000000000000001
11110000000000000000000001
11100000000000000000000001
11000000000000000000000001
10000000000000000000000001
11111111111111111111111111
