11
517.0731707317073
-2072.243346007605
2009.756097560976
-684.4106463878327
3814.634146341463
-1673.003802281369
6019.512195121951
-988.5931558935362
7424.390243902439
-2870.722433460076
8439.024390243902
-1178.707224334601
8926.829268292684
-7984.790874524715
5141.463414634147
-4771.863117870723
2546.341463414634
-7908.745247148289
1404.878048780488
-5722.433460076045
536.5853658536586
-5684.410646387833
7
5562.926829268295
-2509.505703422054
937.5609756097562
-5429.657794676807
2199.024390243903
-5429.657794676807
3880.975609756099
-2144.486692015209
6824.390243902441
-4334.600760456274
7244.87804878049
-5794.67680608365
2619.512195121952
-6159.695817490494
1
5814.634146341463
-3022.813688212927
0