8
448.780487804878
-1140.684410646388
9287.804878048781
-798.4790874524715
9258.536585365855
-8288.973384030418
5785.365853658536
-8117.87072243346
5736.585365853658
-4011.406844106464
3121.951219512195
-3916.349809885932
3151.219512195122
-8155.893536121674
487.8048780487805
-8193.916349809886
7
4426.341463414635
-3794.676806083649
7078.048780487806
-7914.448669201521
8845.853658536586
-4543.726235741445
5752.19512195122
-3420.152091254752
1332.682926829268
-4543.726235741445
2658.536585365854
-1173.003802281369
7961.951219512196
-2296.57794676806
1
7112.195121951219
-6787.072243346008
