4
409.756
-1273.76
8800
-798.479
8858.54
-7984.79
585.366
-8003.8
15
1620.37613732
-2136.97142554
2001.83506453
-2787.69543673
1395.98853308
-2720.37915971
2226.22266877
-2294.04273859
1530.62109562
-6490.09067281
2046.71258538
-6557.40694983
1755.00869986
-7006.18212996
2315.97771047
-7028.62088897
5906.17937835
-6534.96819083
5906.17937835
-6534.96819083
6624.21971193
-6579.84570884
6669.09723277
-7118.37592499
5771.54681580
-3079.39930382
6130.56698259
-3483.29696593
6265.19954514
-2989.64426779
1
7278.05
-2623.57
