8
351.219512195122
-570.342205323194
9414.634146341463
-760.4562737642585
9434.146341463415
-8498.098859315589
5873.170731707317
-8403.041825095057
5814.634146341463
-3821.292775665399
3375.609756097561
-3555.133079847908
3180.487804878049
-8441.064638783269
468.2926829268293
-8346.007604562738
7
1259.512195121951
-4137.832699619772
1713.658536585366
-7705.32319391635
1713.658536585366
-2155.893536121674
7617.560975609756
-1759.505703422054
8980
-6516.159695817491
1259.512195121951
-1759.505703422054
1259.512195121951
-6119.771863117871
1
7297.560975609756
-6596.958174904943
0